10
10
1 15 28 2 18 9 23 27 16 4 5 21 3 8 3 17 5 25 10 20
3
1 7 24 8 17 22 6 6 3 19 15 3 18 9 12 11 28 1 2 10
6
1 9 28 6 6 10 27 2 12 14 11 4 20 3 7 21 5 23 25 15
7
22 7 7 17 13 2 1 15 1 5 12 4 5 23 24 3 2 6 21 9
2
1 3 26 2 21 24 25 19 13 29 22 1 9 18 16 3 10 6 7 28
8
24 12 1 7 2 9 17 28 4 5 16 27 14 22 6 6 25 15 29 11
5
27 1 4 2 1 16 24 7 5 7 3 20 13 5 6 9 25 21 10 11
10
1 26 2 21 15 13 14 2 7 29 22 16 6 1 4 11 27 28 4 18
8
1 15 8 2 17 7 1 28 5 7 3 21 14 12 24 6 19 2 3 29
2
12 4 2 13 14 7 23 19 2 6 24 6 1 7 4 1 17 21 28 5
